127
1 9860 14152
16 9628 14036
2 9396 14616
51 9164 14964
57 8700 15312
54 8236 15428
45 7540 15080
103 7308 14848
44 7772 14732
35 8700 14036
36 8932 13688
37 9048 13804
41 9164 13340
14 9512 13340
12 9860 13108
31 9744 12528
27 9512 12412
30 9164 12876
43 8584 13108
34 8468 12876
39 8352 12644
38 8468 12296
26 8932 12064
25 8468 11136
33 8236 11020
122 8004 11020
28 7772 11020
29 8352 10672
32 8352 10324
80 10324 11716
79 10556 11948
77 11368 12296
18 11368 12644
21 11020 13108
17 10904 13108
22 11020 13340
4 11020 13456
23 11136 13572
24 11020 13688
6 10788 13804
106 10672 13804
15 10556 13688
108 10788 13572
20 10672 13340
19 11252 13340
72 11484 13224
8 11600 13456
9 11252 14036
11 11136 14152
114 10672 14152
105 10440 14036
7 10208 14384
120 10440 14732
10 10672 15080
115 10208 15196
13 10092 14964
50 9744 15196
5 9512 15776
56 9164 16008
121 9164 15544
52 9744 16240
124 9512 16472
55 9512 17400
66 10324 17516
113 11832 17516
64 11716 16124
58 11716 16008
100 11252 15776
3 11252 14848
90 12064 14964
116 12180 14848
60 12412 14964
62 12528 15196
61 12296 15312
91 12180 15544
59 12992 14964
67 12412 13340
73 12296 12760
74 12064 12528
68 12876 12180
71 13688 12528
70 13688 11716
69 13688 10904
75 12644 10556
76 11832 11252
78 11136 11020
117 11020 10208
84 11484 9744
81 11484 9512
126 11484 8468
82 11484 7540
83 11020 7424
102 10904 3480
101 9744 3132
63 15312 6612
119 16240 8352
96 15660 10788
109 15660 11368
87 16936 11832
86 17052 12064
85 16936 12180
88 17052 11600
110 15544 12760
104 16472 16472
125 13688 17516
89 13804 18792
92 14152 18908
99 14384 20184
65 11600 19720
47 8352 17052
49 7888 17168
53 7888 16936
118 7656 17052
48 7540 16820
46 7424 17516
94 6496 17168
112 6264 19140
111 5336 18908
107 1160 18560
93 5104 14616
95 5684 13224
123 5684 11948
97 5336 10324
42 8004 12760
40 8236 13572
98 812 6264
127 3248 1415
1 9860 14152
142312.62419818243
