1000
1 512 598
42 509 594
725 488 610
954 482 622
210 451 621
846 449 647
131 423 644
559 388 672
438 403 692
988 419 704
762 443 699
950 453 736
376 462 734
23 420 736
736 422 783
708 434 790
465 419 804
512 430 811
796 404 822
883 401 833
15 387 841
380 361 855
604 341 851
656 334 874
121 336 888
413 340 904
63 328 921
123 333 949
48 348 951
734 348 955
133 344 973
386 319 960
249 295 981
874 280 979
972 280 953
202 286 947
517 267 939
175 265 944
218 256 933
493 261 923
682 243 946
804 233 914
95 205 929
119 197 918
207 169 928
983 148 919
684 129 908
546 103 875
253 75 864
569 61 873
614 62 893
571 32 909
518 44 923
94 33 949
811 15 954
258 13 927
597 54 964
431 54 966
908 70 945
999 127 959
459 139 956
998 155 988
89 180 998
519 189 1000
406 197 999
986 214 867
710 228 859
408 219 851
598 208 821
196 185 832
382 174 833
25 177 842
462 132 853
156 102 818
370 94 806
38 103 777
996 85 773
216 72 755
712 86 742
226 72 703
36 65 678
624 81 668
185 85 659
337 69 650
644 68 621
375 53 603
282 56 600
294 57 593
981 25 599
149 10 565
502 12 543
876 33 534
792 45 514
343 46 512
701 60 527
87 76 562
155 91 599
754 120 592
580 125 590
669 130 584
951 136 583
724 138 587
105 135 601
618 138 628
233 139 637
506 150 636
737 149 665
82 170 679
313 160 696
807 162 709
934 139 698
938 134 689
820 123 654
528 119 641
577 116 640
963 114 626
826 180 618
450 190 612
948 192 625
901 183 596
118 180 584
221 202 567
352 212 568
964 186 554
666 145 531
77 135 532
97 101 528
204 149 499
225 167 507
389 161 482
482 167 480
652 153 458
342 143 454
480 129 450
22 112 440
246 118 418
627 116 404
525 127 399
320 152 405
467 157 422
932 152 387
50 162 362
501 189 342
822 177 319
800 161 302
782 142 295
265 133 288
428 152 281
602 176 270
641 196 237
969 199 224
219 214 189
98 219 185
719 217 183
151 202 183
829 207 169
919 222 159
910 244 176
844 260 152
854 253 148
977 258 142
115 273 149
885 274 154
562 298 127
215 290 119
639 282 97
536 292 81
905 322 66
88 332 81
179 352 94
798 356 100
409 342 110
212 353 141
679 327 157
424 316 144
937 323 186
717 338 212
675 362 186
102 381 171
297 392 149
336 406 130
521 420 136
930 402 113
40 393 109
274 407 83
940 422 78
980 415 65
479 390 78
667 381 72
472 378 31
242 341 46
671 329 41
7 316 42
886 314 41
99 295 24
613 285 21
280 254 41
875 249 48
985 243 50
728 226 52
957 221 60
135 215 76
85 197 82
922 195 48
834 175 27
787 175 18
541 189 12
567 199 1
396 216 3
437 240 7
924 256 67
422 241 83
823 224 108
304 235 117
745 260 116
699 212 129
425 203 133
340 175 159
632 156 179
317 138 142
222 147 127
915 147 123
369 152 116
436 155 131
707 146 96
200 96 73
531 95 75
540 80 97
397 50 92
139 33 98
284 46 128
582 68 139
780 67 153
524 61 170
812 40 164
603 17 164
10 12 199
4 38 199
54 45 223
177 54 231
146 68 238
241 77 235
186 83 222
802 93 237
33 71 260
81 53 277
778 20 283
750 11 295
670 18 302
72 8 315
138 3 325
187 27 343
509 36 321
869 77 305
581 81 305
377 89 325
816 124 331
440 95 370
395 88 387
879 94 398
442 101 396
672 88 410
55 70 453
205 80 465
523 66 478
341 32 466
344 5 481
27 16 515
856 8 436
475 19 397
615 25 391
790 96 289
37 23 248
987 69 208
168 111 177
345 157 228
748 246 254
716 266 278
353 298 268
729 317 288
402 309 307
419 296 324
160 308 331
147 313 345
579 281 385
573 265 380
583 301 406
898 320 403
8 326 417
96 330 452
732 315 455
661 346 455
104 357 440
415 376 449
838 377 460
785 362 466
134 355 477
469 354 481
852 358 486
928 373 495
570 388 495
947 364 511
543 356 515
764 346 506
441 337 477
974 318 490
758 300 491
474 303 530
34 255 556
497 263 599
510 283 598
416 285 611
873 271 622
773 273 633
166 269 639
498 280 661
539 257 690
489 255 699
279 238 708
60 271 722
552 272 747
181 256 744
348 266 777
775 281 783
346 288 771
727 304 797
227 316 808
572 303 832
935 294 849
735 283 869
526 306 880
286 251 872
325 220 784
190 202 772
504 193 777
323 183 792
211 181 758
868 180 736
163 156 763
403 139 743
831 48 760
327 39 743
30 2 725
180 29 676
188 44 680
448 18 659
126 24 648
555 3 648
851 1 792
429 28 834
305 45 841
795 61 851
944 39 999
594 368 919
43 388 934
470 419 949
902 408 985
621 397 981
890 438 988
231 449 979
494 476 960
26 503 956
254 518 930
351 530 931
31 540 938
720 536 948
609 562 943
46 555 927
537 554 908
412 558 879
695 515 869
891 499 875
857 460 881
12 450 887
889 426 859
888 407 885
630 398 899
260 464 831
809 482 815
721 463 795
690 512 810
636 517 799
836 536 806
330 543 791
997 548 788
338 534 770
20 557 755
657 566 748
635 571 768
893 589 758
564 597 751
117 588 747
912 580 714
384 564 679
576 539 688
488 533 702
183 519 727
945 533 734
364 509 758
770 501 713
14 503 692
884 505 684
358 490 669
271 476 654
566 418 585
69 424 572
587 447 551
68 448 550
771 465 533
505 470 523
122 480 553
229 513 562
19 543 569
877 555 586
372 568 585
814 575 584
363 579 584
339 581 575
772 600 557
757 612 566
268 624 558
67 639 570
801 646 601
230 629 612
91 620 618
894 619 618
865 625 623
588 609 620
989 632 657
47 637 660
32 646 650
356 666 670
843 699 680
223 699 698
554 698 701
711 726 701
350 740 700
291 748 706
942 749 740
71 768 734
586 751 760
283 743 773
108 768 786
687 759 802
481 761 810
333 796 780
971 821 795
24 811 810
458 819 829
818 827 824
136 835 839
730 847 842
116 851 822
738 848 811
347 867 794
421 849 783
791 842 776
522 851 755
234 872 743
578 879 743
9 869 711
45 887 668
110 893 645
473 876 644
918 861 663
808 850 638
86 857 602
620 850 597
507 858 582
145 847 575
73 852 557
92 862 562
130 842 551
965 826 528
794 823 522
5 848 516
477 864 521
768 876 504
80 864 468
592 899 449
765 905 450
862 916 465
52 906 469
182 935 477
270 944 473
697 964 489
956 967 494
601 971 494
864 970 489
17 987 490
882 992 461
556 990 426
466 998 410
184 997 392
866 997 375
189 1000 365
296 958 384
848 952 362
979 939 326
56 921 293
387 941 256
62 926 249
58 962 225
198 961 221
144 968 224
213 976 221
863 972 214
847 975 210
66 981 194
390 993 180
511 984 148
487 967 121
830 980 111
468 954 96
813 936 88
2 924 95
545 923 101
872 909 104
248 899 109
239 898 123
495 890 134
361 881 135
767 884 126
663 885 115
742 859 111
35 846 91
51 851 88
806 828 96
257 837 128
114 804 144
832 787 139
994 776 146
952 753 176
631 732 167
842 717 179
78 701 189
936 670 178
392 649 161
293 636 145
553 620 155
763 591 121
398 599 108
605 603 96
485 657 106
100 699 115
195 722 112
966 739 125
6 735 132
13 749 113
287 689 77
295 702 58
860 705 42
59 711 37
79 707 22
668 708 18
486 713 21
880 729 18
362 739 33
853 757 22
235 704 7
464 694 42
825 682 53
769 650 47
84 649 54
90 621 41
606 627 31
256 558 64
761 529 51
201 526 55
93 522 66
585 532 87
815 518 104
326 518 127
275 506 149
909 503 152
433 511 158
973 514 160
259 518 167
457 529 156
289 549 158
267 565 166
16 561 182
674 571 222
619 574 222
322 572 249
263 570 261
655 577 278
560 578 295
903 593 291
557 596 296
589 598 312
840 590 314
616 579 319
931 548 311
968 551 291
513 551 259
18 548 259
793 518 264
385 512 266
439 492 251
747 496 242
776 484 245
76 480 219
167 490 214
766 453 210
137 436 196
461 430 207
923 417 199
634 425 172
558 444 166
165 454 123
861 465 91
664 475 96
206 481 85
982 497 69
453 529 37
355 450 22
217 489 144
194 533 222
171 492 283
920 505 302
696 518 295
645 483 316
810 484 331
164 503 353
803 509 355
878 525 364
665 530 342
83 516 337
563 486 370
471 464 353
741 444 363
129 431 372
693 430 374
456 426 395
101 429 400
499 449 408
141 446 437
835 468 460
281 488 457
913 486 486
654 460 481
681 417 469
568 413 455
191 429 526
685 394 583
591 387 598
740 390 605
203 381 624
252 374 630
786 357 634
373 344 626
824 336 630
777 322 622
648 319 601
959 303 586
360 364 590
731 368 598
946 373 574
310 338 674
683 339 691
300 358 707
404 357 709
755 371 709
178 371 706
329 382 702
154 359 724
783 357 755
976 361 767
394 380 771
366 378 784
299 367 796
28 336 766
706 318 763
608 285 701
161 239 668
460 239 607
152 225 596
357 222 510
393 213 498
148 228 475
157 215 458
410 194 439
827 182 455
870 213 425
162 210 403
784 189 406
678 220 377
941 219 372
590 232 343
255 237 423
691 242 434
298 346 386
445 378 361
781 390 348
849 403 350
550 396 360
331 429 349
332 422 314
150 402 316
960 365 315
659 352 305
500 351 295
306 364 279
855 367 277
371 360 270
751 369 267
53 361 240
799 376 229
702 381 216
1000 383 202
805 405 273
158 442 285
623 501 405
643 526 417
797 538 411
368 540 409
112 552 419
174 568 430
638 560 389
633 566 373
237 596 370
520 601 370
975 602 362
228 610 343
44 633 324
612 628 308
508 646 303
124 645 296
907 647 310
374 669 296
516 669 274
839 655 267
430 637 269
269 627 266
575 625 258
833 631 281
551 623 283
955 602 274
316 625 226
378 652 217
391 654 241
723 674 240
718 721 273
365 736 241
193 746 217
383 798 241
125 804 231
925 823 231
107 822 210
596 813 198
680 801 180
11 814 166
739 853 207
929 875 201
574 893 202
308 884 172
491 932 173
943 953 185
992 946 125
752 906 83
900 889 76
109 929 61
427 941 37
169 945 19
626 966 10
896 992 25
705 995 39
354 970 46
209 987 78
617 917 37
192 892 23
881 866 40
713 852 37
250 843 31
694 850 20
303 861 13
277 830 26
743 814 20
779 820 45
744 848 238
423 866 243
452 866 283
722 861 284
492 859 292
841 871 298
676 879 302
266 875 309
991 868 334
926 850 330
649 828 333
290 831 348
443 811 361
549 803 357
565 790 344
399 795 319
637 768 309
939 789 263
628 802 266
756 816 257
334 839 291
859 904 348
749 906 386
446 927 410
709 942 441
321 957 442
247 892 433
600 890 433
309 882 419
611 822 378
788 793 418
285 796 436
746 772 449
662 749 447
927 761 426
75 735 422
379 727 418
220 717 435
532 713 443
995 698 459
418 691 478
949 680 435
993 655 424
41 654 394
990 635 377
261 658 366
789 655 356
328 675 363
57 693 353
622 698 344
420 666 335
276 661 335
534 688 387
629 731 363
689 735 365
646 735 471
640 763 481
610 788 482
236 794 487
753 793 473
914 772 517
103 758 517
904 730 522
454 724 535
535 701 543
21 695 539
871 698 552
484 715 584
312 714 592
414 714 599
895 702 608
49 682 601
159 673 603
490 669 588
911 685 630
455 696 648
197 739 656
688 766 636
962 768 624
400 774 625
302 778 628
127 772 614
503 773 591
593 766 567
774 742 566
435 792 533
658 802 586
686 810 615
759 806 625
176 789 676
173 770 673
714 801 746
447 825 748
819 898 776
561 907 807
407 904 832
142 919 860
828 918 871
245 933 874
120 959 862
170 962 860
647 960 842
515 980 844
214 980 832
760 940 809
544 942 782
897 953 773
837 943 766
733 926 741
64 912 734
698 928 719
39 916 698
906 927 675
243 953 695
401 985 680
700 994 653
273 980 624
172 945 605
917 951 585
262 963 587
887 976 578
65 967 557
432 952 545
978 955 540
449 955 520
529 955 508
199 918 545
958 910 563
318 897 573
850 917 590
538 912 611
315 936 628
476 986 551
916 994 554
272 998 558
653 999 725
703 991 761
892 893 870
715 875 856
595 844 869
240 836 894
845 810 893
858 773 864
367 740 865
704 736 863
319 715 857
650 718 841
307 687 819
61 701 803
381 698 799
642 714 792
244 716 788
113 693 756
74 697 733
496 662 767
970 645 741
651 642 721
335 627 754
821 627 782
530 632 788
224 635 824
314 648 821
29 651 828
292 656 848
547 662 865
311 668 874
349 649 891
238 666 909
288 695 882
463 753 909
953 757 908
726 769 955
625 781 952
251 769 985
451 747 975
677 729 963
548 708 980
324 682 963
527 659 972
599 669 984
899 653 954
607 630 962
278 614 966
692 591 969
933 562 979
514 634 856
961 622 827
921 607 825
153 603 829
111 570 825
660 508 827
143 608 665
434 615 669
542 567 527
208 557 525
867 546 528
359 542 481
817 569 478
417 617 486
3 514 435
128 509 435
673 271 235
984 252 223
405 124 42
483 173 2
584 20 26
411 979 271
264 995 243
533 982 909
232 930 919
426 906 912
478 896 904
106 930 950
140 890 974
70 878 963
301 890 994
444 953 997
967 825 963
388 825 956
132 813 967
1 512 598
29197.71631588761
