250
1 479 273
73 442 297
45 458 320
13 455 342
14 485 346
92 486 340
198 486 329
204 452 388
63 437 380
174 474 405
35 455 425
175 435 428
144 398 449
146 374 468
182 358 444
12 341 422
76 335 427
156 325 436
5 325 446
77 321 455
40 283 454
157 271 457
29 264 457
215 264 435
185 274 434
164 228 421
26 204 399
36 191 386
42 191 383
133 184 397
130 164 401
95 148 382
159 117 410
181 108 440
154 99 447
124 88 435
178 83 438
172 66 482
2 15 448
186 39 397
127 44 396
108 56 399
192 66 357
18 94 367
9 97 311
160 92 295
43 74 300
119 63 290
170 52 303
25 18 296
199 14 300
177 17 289
100 23 249
37 36 247
141 4 237
66 39 206
4 34 196
111 61 164
195 74 156
7 82 144
180 77 126
33 56 124
122 45 123
38 35 151
115 110 136
80 110 118
193 130 106
3 137 97
166 142 120
135 139 129
75 128 133
88 178 117
61 193 120
81 200 102
55 206 101
191 243 100
197 269 104
70 278 119
196 273 142
147 308 139
189 312 97
21 304 91
120 303 87
151 312 85
58 300 73
96 277 86
103 266 68
19 228 53
91 205 11
167 180 26
150 154 20
10 130 54
27 150 72
6 99 53
140 95 66
67 66 61
60 63 55
139 38 53
169 11 44
250 1 1
52 78 15
129 105 6
109 110 18
87 276 28
131 283 2
62 315 5
90 315 9
79 337 29
117 336 33
65 354 11
214 370 5
39 402 4
71 396 28
51 418 31
163 434 31
110 464 25
59 467 3
56 492 21
15 479 54
22 493 100
102 460 133
49 455 147
179 488 154
30 478 184
104 438 177
48 411 178
86 387 196
126 392 202
46 355 218
118 349 227
153 328 233
20 319 249
97 333 251
31 304 251
84 324 282
113 326 310
158 319 354
188 306 360
138 279 337
105 254 345
28 248 332
106 237 358
41 215 346
161 167 326
194 150 325
123 152 338
82 138 283
8 146 272
68 144 263
83 122 266
89 100 270
152 83 247
162 94 218
112 92 212
32 99 198
176 110 200
44 134 210
17 172 240
64 196 231
207 210 243
168 207 258
128 188 292
137 208 213
23 189 199
101 190 184
116 185 168
142 203 156
94 352 101
98 354 95
53 365 75
184 351 66
190 365 57
125 382 62
171 399 91
114 396 101
24 378 100
145 369 125
136 389 154
143 377 160
72 411 87
230 556 62
249 614 179
78 412 277
155 408 310
50 398 312
165 400 339
47 372 385
248 349 381
173 335 385
74 358 409
93 391 411
132 418 494
247 411 536
99 354 497
69 296 487
134 294 485
57 207 487
34 211 456
149 181 430
183 186 420
121 136 446
54 132 443
11 134 467
148 137 476
85 28 344
16 375 288
107 390 251
187 494 438
210 377 599
239 446 710
226 338 736
219 233 789
220 306 926
218 354 937
242 499 925
216 512 1030
235 587 1169
237 554 1243
246 510 1202
231 525 1347
245 306 1383
233 254 1335
241 173 1179
208 282 1158
234 598 851
201 569 670
227 811 518
202 913 355
238 1000 71
228 1127 25
203 1270 284
205 1329 348
244 1295 472
211 1326 521
209 1264 554
200 1466 654
229 1412 729
243 1428 990
240 1179 1019
236 1211 1136
221 1113 1410
225 815 1314
212 843 1200
224 809 897
222 951 895
206 974 678
223 1395 170
217 1436 138
213 1463 123
232 91 698
1 479 273
16313.695639677737
