500
1 2993 961
459 3119 1146
53 2982 1302
126 2770 1244
282 2503 1190
3 2439 1203
325 2431 1283
11 2281 1450
389 2242 1635
446 2088 1605
228 2064 1638
132 1999 1651
186 1924 1625
94 1823 1714
357 1791 1867
367 1621 1941
447 1699 2060
4 1652 2267
376 1710 2379
211 1613 2392
219 1443 2409
148 1380 2475
87 1352 2284
332 1479 2075
195 1415 2034
45 1317 1738
432 1438 1712
452 1433 1483
322 1415 1318
205 1418 1210
384 1467 1189
291 1531 1322
41 1739 1536
177 1803 1469
162 1867 1312
494 1837 1186
203 1794 1134
344 1758 1114
456 1659 990
39 1828 959
310 1877 901
40 1976 915
119 2119 858
25 2223 972
298 2236 1107
387 2295 783
129 2504 830
123 2581 791
86 2742 691
261 2508 585
395 2412 312
142 2215 326
200 2040 212
175 1967 216
182 1922 296
157 1929 415
326 1800 259
236 1769 239
57 1823 122
15 1991 89
265 2151 65
179 2233 87
192 2521 49
361 3036 155
22 3211 91
220 3411 92
449 3599 268
127 3701 131
259 3827 20
151 3909 3
402 3962 228
319 4146 139
85 4316 132
338 4390 269
316 4321 305
321 4326 382
286 4416 457
499 4610 594
189 4804 553
356 4802 506
181 4946 355
307 4054 625
242 3932 535
273 3742 493
342 3659 564
75 3686 607
91 3586 643
347 3439 724
145 3423 823
423 3386 833
474 3368 930
488 3336 1045
19 3474 1127
281 3534 1196
352 3380 1263
227 3474 1473
134 3531 1531
350 3532 1573
382 3393 1545
49 3255 1574
149 3142 1583
55 3159 1889
364 3148 1935
133 3250 1947
410 3266 2001
408 3358 2121
183 3249 2335
165 3085 2383
285 3050 2363
415 2866 2311
289 2659 2382
84 2745 2515
169 2557 2721
371 2438 2418
47 2299 2245
333 2185 2521
313 2064 2732
6 1869 2689
167 1866 2575
283 1961 2328
35 2053 2070
301 2012 1914
62 2025 1785
434 2518 1550
493 2571 1639
287 2706 1723
147 2747 1712
340 2841 1665
79 2772 1821
48 2982 1943
77 2704 2143
444 3262 2542
117 3420 2586
264 3406 2635
292 3245 2781
232 3163 2961
103 3039 2805
276 2963 2922
246 2991 3228
105 2792 3490
467 2877 3683
496 2751 3795
239 2803 3909
136 2812 3962
193 2657 4044
413 2639 4059
487 2427 3925
198 2308 3787
304 2344 3721
107 2170 3606
115 2291 3509
104 2378 3469
37 2318 3304
427 2414 3191
180 2601 3223
141 2661 3142
13 3141 3605
269 3457 3723
146 3553 3748
59 3654 3705
78 3849 3706
290 4013 3897
411 3863 4012
16 3917 4092
398 3887 4113
29 3797 4119
345 3708 4019
72 3641 4221
20 3520 4280
358 3375 4238
431 3340 4113
331 3290 4026
295 3148 4322
336 2979 4323
353 2891 4357
43 2929 4419
124 2689 4439
240 2634 4557
461 2715 4636
317 2718 4674
160 2731 4738
197 2995 4931
349 3140 4688
388 3418 4736
443 3385 4938
225 3741 4973
88 3803 4884
312 3991 4831
414 4178 4527
163 4442 4438
114 4555 4446
97 4603 4258
280 4744 4185
320 4780 4166
437 4837 3978
61 4998 4068
334 4926 4377
366 4632 4728
323 4793 4875
355 4901 4863
223 4595 4980
451 4319 4160
438 4189 4215
429 4085 4257
377 4211 4065
481 4765 3736
63 4661 3445
244 4701 3382
466 4838 3409
381 4876 3350
116 4838 3324
199 4625 2981
260 4838 2775
69 4331 2559
214 4223 2617
221 3961 2474
135 3833 2428
457 3854 2342
155 3902 2319
101 3833 2197
190 3668 2076
245 3737 1985
249 3758 1788
213 3912 1823
31 4030 1967
64 4042 2063
131 4035 2269
396 4193 2288
417 4227 1888
359 4339 1899
472 4390 1868
32 4405 1742
421 4287 1697
14 4261 1507
140 4206 1385
448 4067 1280
297 4004 1445
172 3834 1494
309 3737 1549
67 3705 1542
339 3795 1608
139 3452 1696
218 3531 1900
422 3603 2304
327 3621 2413
30 3870 2601
80 3959 3095
194 4067 3120
473 4212 3311
435 4039 3423
9 3920 3430
255 3807 3446
54 3843 3302
270 3597 3341
272 3469 3316
314 3395 3285
204 3565 3520
184 3492 3567
161 3576 4441
343 2403 4510
196 2346 4307
164 2260 4332
76 2192 4432
424 2095 4452
209 2026 4420
235 2079 4355
12 1827 4380
257 1667 4486
56 1693 4562
442 1783 4645
8 1911 4630
73 2001 4617
252 2224 4750
393 2240 4965
216 2467 4973
360 1655 4865
463 1408 4752
70 1348 4631
483 1212 4761
318 940 4906
154 881 4903
66 635 4879
71 610 4816
341 457 4869
480 484 4709
46 461 4646
348 414 4522
42 530 4524
253 497 4355
497 475 4241
110 202 4351
28 160 4753
439 746 4423
468 855 4285
83 850 4173
50 972 4389
373 1123 4189
156 1164 4097
405 1351 4124
112 1417 4180
479 1419 3988
33 1496 3968
108 1627 4034
401 1753 4040
475 1752 4146
397 1545 4444
299 1483 3749
18 1587 3747
125 1697 3660
251 1735 3691
372 1840 3764
109 1901 3643
185 1733 3545
311 1720 3481
268 1502 3579
92 1413 3410
201 1324 3327
144 1307 3214
433 1376 2969
74 1274 2945
229 1250 2934
44 1149 2883
337 1131 2804
409 1235 2726
113 1084 2567
275 967 2630
392 867 2512
440 902 2452
436 1039 2242
106 935 2136
378 897 2150
243 903 2165
23 1012 2058
404 983 1948
460 877 1963
222 708 1937
306 807 1743
65 880 1621
93 779 1577
351 673 1566
152 614 1582
170 533 1442
96 559 1262
98 743 1443
390 827 1347
247 916 1354
419 1032 1282
354 1116 1252
188 1168 1120
120 1016 1058
2 1025 1002
379 996 970
470 995 858
394 952 854
482 973 763
400 882 726
403 848 743
210 842 733
346 836 629
38 755 671
238 735 482
52 716 407
324 707 337
478 777 253
215 819 247
485 936 324
187 1125 315
328 1220 359
226 1200 434
484 1297 513
363 1344 300
233 1364 220
153 1612 310
469 1661 600
90 1511 647
82 1482 705
250 1239 728
500 1199 798
430 1234 963
380 923 1065
274 851 1210
492 707 988
241 739 969
296 473 923
143 331 1014
208 271 811
476 132 796
171 148 702
458 274 661
10 285 600
51 327 481
202 382 484
454 304 375
138 472 288
465 401 193
7 588 114
174 664 62
315 697 104
150 682 119
158 217 79
58 192 32
418 12 357
166 401 686
375 28 982
383 142 1333
224 231 1300
122 178 1422
374 237 1483
308 138 1547
26 150 1812
234 132 1992
102 329 1984
68 333 2064
305 451 2057
303 487 2062
168 414 1853
176 429 1830
441 527 1779
425 1022 1806
284 1084 1909
121 1197 1475
386 1054 1412
399 605 2326
489 520 2390
477 491 2314
206 477 2303
100 370 2583
17 315 2628
137 282 2585
212 119 2440
490 138 2955
267 2 3106
277 36 3227
406 99 3420
191 294 3454
34 324 3508
453 351 3479
486 376 3511
391 560 3589
36 696 3647
407 812 3593
370 810 3540
369 733 3495
230 930 3249
130 815 3145
254 840 2984
416 955 2920
95 1010 2902
21 723 2862
288 677 2843
258 664 2661
498 667 2557
24 488 2983
231 447 3070
178 451 3132
450 391 3031
426 583 3153
491 445 3304
81 372 3711
455 308 3905
495 11 3610
329 859 3792
471 1046 3633
60 1090 3659
335 1187 3592
300 1130 3548
248 1201 3449
271 1554 2984
445 1452 2759
420 1897 3091
89 1977 3031
27 1975 3195
365 1880 3295
207 1802 3237
412 2096 3981
368 2174 3986
278 2252 4120
128 2253 4161
263 4586 2042
464 4795 2191
173 4583 1696
5 4524 1625
302 4839 1546
362 4885 1644
159 4742 1307
293 4504 1226
462 4370 1254
99 4219 1032
256 4158 1085
330 3966 947
266 4046 853
279 3683 816
428 3519 911
217 3689 1035
237 3305 507
385 3194 491
111 3076 416
294 3036 609
262 2101 641
118 2014 632
1 2993 961
97874.46978165553
